110
168
183
165
253
135
283
152
89
293
251
138
59
163
98
103
159
251
246
249
199
129
209
201
335
247
165
101
234
246
244
79
90
109
204
87
160
123
70
118
111
261
59
153
257
130
109
121
178
107
225
251
258
129
184
94
169
182
166
256
267
255
66
197
193
263
206
265
168
142
113
184
142
207
152
262
103
133
94
76
194
233
55
156
171
173
182
141
142
75
227
69
102
313
163
217
273
75
295
312
149
246
297
77
122
87
125
244
76
117
183
65
108
236
136
255
87
251
121
91
183
133
305
147
86
179
128
109
259
77
67
239
257
216
100
