155
174
272
185
94
284
143
103
140
309
110
218
104
149
144
62
114
160
206
91
67
158
188
162
145
177
225
259
273
101
146
303
251
205
58
112
132
88
269
113
232
94
77
164
35
104
211
94
35
102
212
105
153
113
120
134
77
46
122
180
232
165
79
69
130
76
110
97
129
282
63
85
104
81
200
288
340
123
155
174
272
185
94
284
143
103
140
309
110
218
104
149
144
62
114
160
206
91
67
158
188
162
145
177
225
259
273
101
146
303
251
205
58
112
132
88
269
113
232
94
77
164
35
104
211
94
35
102
212
105
153
113
120
134
77
