177
198
192
178
151
177
198
192
178
151
177
198
192
178
151
67
158
188
162
145
177
225
259
273
101
146
303
251
205
58
112
132
88
269
113
232
94
77
164
35
104
211
94
35
102
212
105
153
113
120
134
77
177
198
192
178
151
177
198
192
178
151
177
198
192
178
151
67
158
188
162
145
177
225
259
273
101
146
303
251
205
58
112
132
88
269
113
232
94
77
164
35
104
211
94
35
102
212
105
153
113
120
134
77
8
162
145
177
225
259
273
101
146
303
251
205
58
112
132
88
269
177
198
192
178
151
177
198
192
178
151
177
198
192
178